prntcode	prntname	blacklabel
HYX_TK01	泰康航空旅客意外伤害保险	31
===
ESC J 246
8,,,,30
ESC J 4
8,18,,,31
ESC J 6
8,,,,1,1
ESC J 5
8,,,,1,5
34,,,,1,11
ESC J 5
8,,,,1,6
ESC J 11
8,,,,1,8
34,,,,2,7,0
ESC J 15
8,,,,1,12
17,,,,1,13,0,2
19,,,,3,:
20,,,,1,13,2,4
34,,,,1,14
ESC J 22
0,,,,11,0,,,,0
30,,,,11,2,,,,0
ESC J 4
0,,,,11,0,,,,1
30,,,,11,2,,,,1
ESC J 4
0,,,,11,0,,,,2
30,,,,11,2,,,,2
ESC J 4
0,,,,11,0,,,,3
30,,,,11,2,,,,3
ESC J 4
0,,,,11,0,,,,4
30,,,,11,2,,,,4
ESC J 71
14,,,,0,￥
16,0,,,12,1
ESC J 4
8,,,,20,6,0
10,,,,20,6,1
12,,,,3,年
14,,,,20,6,2
16,,,,3,月
18,,,,20,6,3
20,,,,3,日
24,,,,20,6,4
26,,,,3,:
27,,,,20,6,5
ESC J 6
8,,,,20,4
ESC J 4
8,,,,0,自被保险人进入营运汽车车厢起
ESC J 0
8,,,,0,至被保险人离开营运汽车车厢时止
ESC J 195
8,,,,0,泰康人寿保险股份有限公司
32,,,,20,2
ESC J 4
4,,,,20,7
ESC J 8
4,,,,20,9
ESC J 285
===
